Precision: 0.7905144836120258
Recall: 0.7444291354707729
mAP50: 0.7906522463051083
mAP50-95: 0.5771799625945562
Fitness: 0.5771799625945562
