Precision: 0.8057836846350566
Recall: 0.7382434326999335
mAP50: 0.7915965392945071
mAP50-95: 0.577068565690984
Fitness: 0.577068565690984
