Precision: 0.7785526772598627
Recall: 0.7172982558768807
mAP50: 0.7639732202194368
mAP50-95: 0.5416924549742341
Fitness: 0.5416924549742341
